epoch,dice_coef,loss,val_dice_coef,val_loss
0,0.05051698535680771,0.5113260746002197,0.06003689765930176,0.6725924015045166
1,0.054713182151317596,0.4818027913570404,0.05842479318380356,0.6514429450035095
2,0.060660772025585175,0.4447246789932251,0.05964270234107971,0.6278900504112244
3,0.06320714205503464,0.41820913553237915,0.056577086448669434,0.6076198220252991
4,0.06218673288822174,0.3938048779964447,0.05930749326944351,0.5894011855125427
5,0.06261548399925232,0.3722706735134125,0.05758436769247055,0.5685632228851318
6,0.06174297630786896,0.35527491569519043,0.05768251419067383,0.5424423217773438
7,0.0638786181807518,0.3413294851779938,0.059268154203891754,0.5016049742698669
8,0.06270363181829453,0.32846274971961975,0.05983193963766098,0.45435085892677307
9,0.06507080048322678,0.31829163432121277,0.05820690467953682,0.4086140990257263
10,0.06623547524213791,0.3075484335422516,0.057964783161878586,0.36864447593688965
11,0.0703209936618805,0.29924747347831726,0.05931929498910904,0.3378707468509674
12,0.07251130789518356,0.2899998128414154,0.06033632159233093,0.310573935508728
13,0.07501092553138733,0.281942218542099,0.060235559940338135,0.2920047640800476
14,0.07829458266496658,0.2742415964603424,0.05899342894554138,0.27308186888694763
15,0.08579442650079727,0.266277015209198,0.05831661820411682,0.26012444496154785
16,0.09479808807373047,0.25838208198547363,0.056645363569259644,0.2510770559310913
17,0.10365615785121918,0.24876873195171356,0.057304006069898605,0.2446727156639099
18,0.11741243302822113,0.24069692194461823,0.06062917038798332,0.23575656116008759
19,0.12730905413627625,0.23146505653858185,0.06757999956607819,0.23597948253154755
20,0.1379653811454773,0.22315295040607452,0.06676850467920303,0.231127068400383
21,0.13886818289756775,0.21498899161815643,0.06837700307369232,0.22800348699092865
22,0.1524243801832199,0.20841963589191437,0.07828802615404129,0.21862085163593292
23,0.15817385911941528,0.20208396017551422,0.07991135865449905,0.21171724796295166
24,0.16199642419815063,0.1965269148349762,0.07287116348743439,0.2089621126651764
25,0.17279976606369019,0.19150327146053314,0.08798813819885254,0.19692419469356537
26,0.17522244155406952,0.18650639057159424,0.1238463893532753,0.18665172159671783
27,0.18310846388339996,0.18191534280776978,0.11073591560125351,0.18564756214618683
28,0.1885547637939453,0.17734156548976898,0.08484363555908203,0.18681426346302032
29,0.19093115627765656,0.17306187748908997,0.09171931445598602,0.18278667330741882
30,0.19017165899276733,0.16967839002609253,0.13521084189414978,0.17069298028945923
31,0.196578249335289,0.16620907187461853,0.10864228010177612,0.1749059557914734
32,0.20387695729732513,0.16037121415138245,0.13133081793785095,0.16893011331558228
33,0.2114291787147522,0.15654192864894867,0.1353999823331833,0.16483838856220245
34,0.21662873029708862,0.15249434113502502,0.16811510920524597,0.15730558335781097
35,0.21418607234954834,0.1503823846578598,0.19061432778835297,0.15079109370708466
36,0.22762258350849152,0.1460634171962738,0.14110559225082397,0.15711063146591187
37,0.23035113513469696,0.14237406849861145,0.12508174777030945,0.15766727924346924
38,0.23405443131923676,0.13940046727657318,0.2179301232099533,0.13956479728221893
39,0.24351400136947632,0.13526344299316406,0.24222087860107422,0.1355665922164917
40,0.2482908070087433,0.13221117854118347,0.22834166884422302,0.1346103996038437
41,0.25462961196899414,0.1293821632862091,0.23132427036762238,0.13190898299217224
42,0.26301220059394836,0.12527772784233093,0.24010244011878967,0.1300969123840332
43,0.2687825560569763,0.12220916897058487,0.2668174207210541,0.1247430294752121
44,0.271627277135849,0.12015511095523834,0.2867516577243805,0.12108448147773743
45,0.27189791202545166,0.11714713275432587,0.2767990827560425,0.11952923983335495
46,0.27757498621940613,0.11471079289913177,0.287715345621109,0.11734142154455185
47,0.28794366121292114,0.11143132299184799,0.299443781375885,0.11313509196043015
48,0.2887888550758362,0.1093292310833931,0.3186167776584625,0.1116233617067337
49,0.30038416385650635,0.10771244019269943,0.30707573890686035,0.10808336734771729
50,0.3027724325656891,0.10410755127668381,0.3080800771713257,0.10728782415390015
51,0.3154534101486206,0.10093062371015549,0.31340092420578003,0.10348064452409744
52,0.3148704767227173,0.09994479268789291,0.2732243537902832,0.10446742922067642
53,0.32101139426231384,0.09712512046098709,0.3184855580329895,0.09963206201791763
54,0.3319720923900604,0.09541507065296173,0.3499217927455902,0.10181242972612381
55,0.32908928394317627,0.09336262941360474,0.36107099056243896,0.09422110766172409
56,0.33202099800109863,0.09167692810297012,0.38020408153533936,0.09712701290845871
57,0.34528276324272156,0.08940894156694412,0.3623078465461731,0.08960109204053879
58,0.35411038994789124,0.08582670241594315,0.37479108572006226,0.08840756118297577
59,0.3592905104160309,0.08417733013629913,0.3604399561882019,0.08659253269433975
60,0.36265766620635986,0.08275766670703888,0.394828736782074,0.08518018573522568
61,0.37267839908599854,0.08066234737634659,0.3952905833721161,0.08266465365886688
62,0.38162338733673096,0.07878118008375168,0.3875482380390167,0.08103077858686447
63,0.385240375995636,0.07756777852773666,0.4020986557006836,0.07911963015794754
64,0.3866308927536011,0.07602563500404358,0.3904411792755127,0.07867375761270523
65,0.38923951983451843,0.07494812458753586,0.3786635398864746,0.07995185256004333
66,0.399757981300354,0.07285427302122116,0.36968180537223816,0.08149322122335434
67,0.40664270520210266,0.0713498592376709,0.4094502031803131,0.07324622571468353
68,0.41450947523117065,0.07002844661474228,0.4296443462371826,0.07140543311834335
69,0.41692134737968445,0.06899480521678925,0.42213043570518494,0.07098343223333359
70,0.42198142409324646,0.0672096237540245,0.4655245244503021,0.06792282313108444
71,0.42825037240982056,0.06612193584442139,0.44778069853782654,0.06550505757331848
72,0.4342157542705536,0.06453597545623779,0.4293573498725891,0.06786706298589706
73,0.44343599677085876,0.06350032985210419,0.4404509961605072,0.06635373085737228
74,0.44944068789482117,0.062385495752096176,0.4437038004398346,0.0652879923582077
75,0.4443833827972412,0.06103562191128731,0.4687153398990631,0.06285981833934784
76,0.4581296741962433,0.06000639125704765,0.4943508207798004,0.06108076497912407
77,0.4592832922935486,0.06032801792025566,0.48111066222190857,0.06069863215088844
78,0.46568548679351807,0.05812610313296318,0.4625428318977356,0.061806682497262955
79,0.4750252366065979,0.05688862130045891,0.49316996335983276,0.05885269120335579
80,0.48414283990859985,0.055959463119506836,0.503959059715271,0.0568973645567894
81,0.48383739590644836,0.05459515005350113,0.50236576795578,0.0558549165725708
82,0.499237596988678,0.05352330580353737,0.4552169442176819,0.05934489145874977
83,0.4977959096431732,0.05258232355117798,0.5002719163894653,0.055938880890607834
84,0.5022947192192078,0.05197548121213913,0.45461469888687134,0.06048005446791649
85,0.5070269703865051,0.05134414881467819,0.46188536286354065,0.06152266636490822
86,0.5175138115882874,0.049495454877614975,0.5181302428245544,0.05413120612502098
87,0.5216301679611206,0.04993610084056854,0.5243625044822693,0.053438059985637665
88,0.5240539908409119,0.04890934005379677,0.5494661331176758,0.0501110777258873
89,0.5287925004959106,0.04766228422522545,0.5375238656997681,0.049633271992206573
90,0.5296982526779175,0.04732180014252663,0.5597821474075317,0.04814014211297035
91,0.5355201363563538,0.04679504409432411,0.5736978650093079,0.04681399092078209
92,0.5443106293678284,0.045777324587106705,0.5799916982650757,0.04671340063214302
93,0.5471452474594116,0.04501824080944061,0.5785687565803528,0.04571415111422539
94,0.5599643588066101,0.04398224502801895,0.554036021232605,0.04795848950743675
95,0.5438596606254578,0.04452976584434509,0.576736569404602,0.04503428563475609
96,0.5402547717094421,0.04509727656841278,0.5698307752609253,0.04614970460534096
97,0.5675970315933228,0.04226958006620407,0.5683441162109375,0.04552680626511574
98,0.566407322883606,0.04245677590370178,0.6044465899467468,0.04219793155789375
99,0.5711452960968018,0.041717201471328735,0.5677763223648071,0.043172843754291534
100,0.5815413594245911,0.040993764996528625,0.5942617654800415,0.0433165617287159
101,0.5765697956085205,0.04033396393060684,0.6280537843704224,0.04096974432468414
102,0.5854971408843994,0.03985833376646042,0.6102173924446106,0.040750667452812195
103,0.5713903903961182,0.04071356728672981,0.6299041509628296,0.04051264375448227
104,0.5818551182746887,0.03981703892350197,0.6242984533309937,0.039538994431495667
105,0.6017380952835083,0.038154684007167816,0.5982834696769714,0.04357403516769409
106,0.5831215381622314,0.04164791852235794,0.6099666357040405,0.04302996024489403
107,0.6013185977935791,0.03869134560227394,0.5113731622695923,0.053936347365379333
108,0.6085688471794128,0.0377323292195797,0.590802013874054,0.04291175678372383
109,0.602736234664917,0.03717764839529991,0.6420019865036011,0.039392679929733276
110,0.6166823506355286,0.036343127489089966,0.6239293217658997,0.04010850563645363
111,0.6287057995796204,0.035293031483888626,0.6312075257301331,0.03767615184187889
112,0.6317965388298035,0.03493949770927429,0.6355522274971008,0.03856171667575836
113,0.6313645839691162,0.03398614376783371,0.6496168375015259,0.04056219011545181
114,0.6290632486343384,0.03526471555233002,0.6511370539665222,0.03713041543960571
115,0.6256337761878967,0.03444741293787956,0.6638666391372681,0.03557208552956581
116,0.6434208154678345,0.03326140344142914,0.653469443321228,0.03498550131917
117,0.6450129747390747,0.03263315185904503,0.6583352088928223,0.03486085683107376
118,0.6395165920257568,0.0332966074347496,0.6645944714546204,0.03483254835009575
119,0.6489558219909668,0.03340654820203781,0.6735970377922058,0.03380906581878662
120,0.6564491391181946,0.03177739679813385,0.6633334755897522,0.034034181386232376
121,0.6580912470817566,0.031732454895973206,0.682663083076477,0.032690223306417465
122,0.6500386595726013,0.03299841284751892,0.5803675651550293,0.04732266440987587
123,0.6519244909286499,0.03196209296584129,0.692484974861145,0.034110408276319504
124,0.6661472916603088,0.030861616134643555,0.6880861520767212,0.03226376697421074
125,0.6696085929870605,0.03028440847992897,0.6867218613624573,0.031636305153369904
126,0.6607293486595154,0.031339578330516815,0.6959592700004578,0.031216159462928772
127,0.6665669083595276,0.03065813146531582,0.6907037496566772,0.031269460916519165
128,0.672846794128418,0.030589286237955093,0.7017332315444946,0.03073016367852688
129,0.6696991920471191,0.030288366600871086,0.7110202312469482,0.03029341623187065
130,0.651867151260376,0.03161819651722908,0.677902102470398,0.03520425781607628
131,0.6391661763191223,0.03561060503125191,0.5737124085426331,0.07063648104667664
132,0.6642680168151855,0.03087768889963627,0.6336978673934937,0.04211769253015518
133,0.6792571544647217,0.029375968500971794,0.712617039680481,0.03050733357667923
134,0.682235836982727,0.029370836913585663,0.7229548692703247,0.03011920489370823
135,0.6891653537750244,0.02818381041288376,0.7267681956291199,0.029312605038285255
136,0.6933460831642151,0.028173211961984634,0.6982652544975281,0.031785834580659866
137,0.6967548131942749,0.0273802001029253,0.7167810201644897,0.029358146712183952
138,0.7050430774688721,0.02652083896100521,0.7193053364753723,0.02897876687347889
139,0.6855477690696716,0.03007681295275688,0.6257818937301636,0.044021181762218475
140,0.6932253837585449,0.02739616483449936,0.7179688811302185,0.029392201453447342
141,0.7078123092651367,0.026584366336464882,0.7248622179031372,0.029225751757621765
142,0.7048994898796082,0.026598071679472923,0.7133833169937134,0.030483845621347427
143,0.7053186893463135,0.026785731315612793,0.7217677235603333,0.028883693739771843
144,0.7043946981430054,0.026243342086672783,0.7130997776985168,0.03090052120387554
145,0.7191503047943115,0.025612741708755493,0.7469929456710815,0.026923200115561485
146,0.7229206562042236,0.025373175740242004,0.7424468398094177,0.026798417791724205
147,0.7267280220985413,0.02535233646631241,0.7146137952804565,0.02936207875609398
148,0.7238003611564636,0.025230174884200096,0.746786892414093,0.026343951001763344
149,0.7304694652557373,0.02460552006959915,0.7480050325393677,0.0265018492937088
150,0.7328393459320068,0.02401353232562542,0.7317774295806885,0.027017896994948387
151,0.7356712818145752,0.024071887135505676,0.749353289604187,0.026705032214522362
152,0.7326247692108154,0.023654399439692497,0.7397791147232056,0.02501702308654785
153,0.7337084412574768,0.024213017895817757,0.7584734559059143,0.02505398355424404
154,0.7314638495445251,0.024516437202692032,0.7315273284912109,0.02706681750714779
155,0.7265295386314392,0.025145504623651505,0.7555524110794067,0.02640382945537567
156,0.7436635494232178,0.023394575342535973,0.7593003511428833,0.024943381547927856
157,0.744193434715271,0.022808244451880455,0.7421396374702454,0.028329186141490936
158,0.7510349750518799,0.02240266278386116,0.7477514147758484,0.026578664779663086
159,0.7471777200698853,0.022737860679626465,0.7599757313728333,0.02458876185119152
160,0.7534767985343933,0.022087812423706055,0.7584714889526367,0.024192815646529198
161,0.7439485192298889,0.0242452435195446,0.7089042067527771,0.03538074716925621
162,0.7485653758049011,0.022378338500857353,0.7499946355819702,0.025724193081259727
163,0.7410242557525635,0.02309645712375641,0.7470794916152954,0.02551494725048542
164,0.7475402355194092,0.022433500736951828,0.7784650325775146,0.023606784641742706
165,0.753535270690918,0.021688999608159065,0.731475830078125,0.02815285138785839
166,0.7543840408325195,0.022419841960072517,0.755860447883606,0.02540850266814232
167,0.7677660584449768,0.020845798775553703,0.7602634429931641,0.022967329248785973
168,0.7661911249160767,0.021075712516903877,0.769976019859314,0.023577451705932617
169,0.768784761428833,0.0209590345621109,0.7717975378036499,0.023665426298975945
170,0.776143491268158,0.019853366538882256,0.7782576680183411,0.021980663761496544
171,0.7689680457115173,0.020745866000652313,0.774398922920227,0.022167643532156944
172,0.7747381925582886,0.020123429596424103,0.7896931767463684,0.02205645479261875
173,0.7811983227729797,0.019218090921640396,0.7850118279457092,0.021218212321400642
174,0.778623104095459,0.019386950880289078,0.795803427696228,0.02094157226383686
175,0.7870483994483948,0.0190149936825037,0.7971776127815247,0.020859377458691597
176,0.7750837206840515,0.019748471677303314,0.7725719809532166,0.022250782698392868
177,0.7536482214927673,0.023129714652895927,0.7599565386772156,0.02797369472682476
178,0.7767533659934998,0.020226512104272842,0.7561686635017395,0.02732672169804573
179,0.7762733697891235,0.02051072008907795,0.796357274055481,0.022736556828022003
180,0.7818008065223694,0.019859690219163895,0.8006620407104492,0.021349431946873665
181,0.7905871868133545,0.01878046803176403,0.7981256246566772,0.02179427444934845
182,0.783860445022583,0.019422229379415512,0.7994258999824524,0.020499994978308678
183,0.7760595083236694,0.020067762583494186,0.811077892780304,0.02080393023788929
184,0.7927545309066772,0.018514610826969147,0.7827648520469666,0.02336997725069523
185,0.7913454174995422,0.0184192918241024,0.7897670269012451,0.02168157696723938
186,0.7909594774246216,0.01884724572300911,0.7921045422554016,0.021460076794028282
187,0.7911347150802612,0.018229404464364052,0.8038428425788879,0.020460903644561768
188,0.7946163415908813,0.018483396619558334,0.8000690340995789,0.021358588710427284
189,0.7973272800445557,0.018263347446918488,0.8018882870674133,0.020214952528476715
190,0.8050101399421692,0.01770486868917942,0.7995273470878601,0.020334050059318542
191,0.8029587268829346,0.017711298540234566,0.8053107261657715,0.019844580441713333
192,0.8019410371780396,0.01786550134420395,0.7863556742668152,0.02311713621020317
193,0.8052574396133423,0.017584694549441338,0.8051112294197083,0.02065799944102764
194,0.8121523857116699,0.016956493258476257,0.8067530393600464,0.019765643402934074
195,0.8105617165565491,0.017447004094719887,0.8061925172805786,0.020295340567827225
196,0.8061488270759583,0.017538009211421013,0.8108350038528442,0.019767120480537415
197,0.809380292892456,0.017026299610733986,0.8054493069648743,0.021942712366580963
198,0.7741819024085999,0.021680669859051704,0.8154149055480957,0.02122797816991806
199,0.7972608804702759,0.018373895436525345,0.8034430742263794,0.020489424467086792
200,0.8035659790039062,0.017788145691156387,0.743948757648468,0.02619078755378723
201,0.7895957231521606,0.019175292924046516,0.8125187158584595,0.0211427453905344
202,0.8097748160362244,0.017464403063058853,0.8148980140686035,0.02008179761469364
203,0.8138765096664429,0.017008880153298378,0.8136934041976929,0.019808588549494743
204,0.8111865520477295,0.017171155661344528,0.8051145672798157,0.019317707046866417
205,0.792519748210907,0.018159491941332817,0.818476676940918,0.020084785297513008
206,0.8065198063850403,0.017476042732596397,0.8212984204292297,0.019315630197525024
207,0.815351128578186,0.01692858152091503,0.8174737691879272,0.019979482516646385
208,0.8178810477256775,0.01623300462961197,0.8120101094245911,0.020936934277415276
209,0.7781116366386414,0.019950425252318382,0.6545985341072083,0.04416802525520325
210,0.7761000394821167,0.02145606093108654,0.7755537033081055,0.028268178924918175
211,0.7994993329048157,0.018762314692139626,0.8143476247787476,0.02057228796184063
212,0.8153008818626404,0.016986330971121788,0.8239763975143433,0.019081680104136467
213,0.8160536289215088,0.016896555200219154,0.8251981735229492,0.018424270674586296
214,0.8163502812385559,0.01656275801360607,0.8168014287948608,0.019985225051641464
215,0.8147623538970947,0.01664319448173046,0.8080714344978333,0.01874499022960663
216,0.8220985531806946,0.01605801098048687,0.826346218585968,0.0183836929500103
217,0.822981595993042,0.016557253897190094,0.8276864886283875,0.01813908852636814
218,0.818699061870575,0.016390375792980194,0.8292997479438782,0.01780940778553486
219,0.8161411285400391,0.016142649576067924,0.8224803805351257,0.01995726488530636
220,0.829083263874054,0.015534503385424614,0.8170236349105835,0.02023237757384777
221,0.8246169090270996,0.016257407143712044,0.8343780636787415,0.017908038571476936
222,0.8125942945480347,0.017294282093644142,0.7380832433700562,0.036289017647504807
223,0.7872607111930847,0.019767679274082184,0.8190017938613892,0.022222286090254784
224,0.8117830753326416,0.017811791971325874,0.8403031229972839,0.018531974405050278
225,0.8236637711524963,0.016023380681872368,0.8341725468635559,0.017827695235610008
226,0.8218016028404236,0.016376065090298653,0.8235496282577515,0.0183833260089159
227,0.825361430644989,0.01600210927426815,0.8181663751602173,0.01918565295636654
228,0.8281711339950562,0.015700146555900574,0.8330488204956055,0.017948592081665993
229,0.8324030041694641,0.015279456973075867,0.8323742747306824,0.01757071167230606
230,0.8279531598091125,0.015440049581229687,0.8329321146011353,0.01816977933049202
231,0.8372676968574524,0.01525961048901081,0.8285091519355774,0.01890002377331257
232,0.8336458206176758,0.015017193742096424,0.8338795900344849,0.017401134595274925
233,0.8268200159072876,0.015979019924998283,0.8026379346847534,0.02394339255988598
234,0.8314455151557922,0.015725484117865562,0.8298166394233704,0.018027067184448242
235,0.8359801769256592,0.015105263330042362,0.8302637338638306,0.017576789483428
236,0.8370758295059204,0.014987766742706299,0.8217102885246277,0.017485830932855606
237,0.8374811410903931,0.014873308129608631,0.8235582113265991,0.01915016956627369
238,0.8381378650665283,0.015012837946414948,0.8362749218940735,0.017640992999076843
239,0.8413066864013672,0.014512729831039906,0.8353649377822876,0.01736956275999546
240,0.8383632898330688,0.014583718031644821,0.8427629470825195,0.01757960394024849
241,0.8406641483306885,0.015066610649228096,0.8492828607559204,0.017121532931923866
242,0.8458853960037231,0.014430890791118145,0.8415822982788086,0.01864563673734665
243,0.8439841270446777,0.014370229095220566,0.841108500957489,0.017174502834677696
244,0.8432986736297607,0.014264636673033237,0.8336623311042786,0.017479347065091133
245,0.8349887132644653,0.014943835325539112,0.8323457837104797,0.017040064558386803
246,0.8434414863586426,0.01434381864964962,0.8397797346115112,0.01697901263833046
247,0.8274546265602112,0.016618797555565834,0.8459372520446777,0.01806940883398056
248,0.8365652561187744,0.01493746880441904,0.8054525256156921,0.027402153238654137
249,0.8468295335769653,0.014095943421125412,0.8476832509040833,0.01747114583849907
250,0.8473249077796936,0.013825805857777596,0.8385854959487915,0.018785987049341202
251,0.8416213393211365,0.014524644240736961,0.8423193097114563,0.017209772020578384
252,0.840985119342804,0.014836445450782776,0.8465895652770996,0.01757577247917652
253,0.8356751203536987,0.01503157988190651,0.8396822810173035,0.017317207530140877
254,0.8454009890556335,0.014317336492240429,0.8528498411178589,0.017515847459435463
255,0.8419870138168335,0.014540126547217369,0.8260475397109985,0.020601771771907806
256,0.8116101026535034,0.017953606322407722,0.8264397382736206,0.019696470350027084
257,0.8139398097991943,0.017323680222034454,0.8374131917953491,0.018694842234253883
258,0.836532473564148,0.014992107637226582,0.8478994369506836,0.017137564718723297
259,0.8319531083106995,0.015771228820085526,0.8503059148788452,0.017106831073760986
260,0.8372862339019775,0.014472159557044506,0.8504070043563843,0.01583453081548214
261,0.8468896746635437,0.014255638234317303,0.840287983417511,0.017436541616916656
262,0.8497229814529419,0.013923193328082561,0.848133385181427,0.016090018674731255
263,0.8417447209358215,0.015241693705320358,0.7055119872093201,0.03894371911883354
264,0.8392742276191711,0.015267306007444859,0.8120692372322083,0.020171716809272766
265,0.8482160568237305,0.013981018215417862,0.8494890928268433,0.01654219627380371
266,0.8509259819984436,0.013786974363029003,0.8407354354858398,0.017635980620980263
267,0.8490472435951233,0.013882298022508621,0.8346428871154785,0.016595831140875816
268,0.8486190438270569,0.01399746909737587,0.8489688634872437,0.017311204224824905
269,0.8192031979560852,0.01634935475885868,0.7867471575737,0.022728219628334045
270,0.818744421005249,0.017447032034397125,0.8344215154647827,0.019550597295165062
271,0.8324760794639587,0.015970049425959587,0.8305838704109192,0.019167717546224594
272,0.8376830220222473,0.01498044840991497,0.8359182476997375,0.01959756202995777
273,0.8367037177085876,0.015108508057892323,0.8272727727890015,0.019467968493700027
274,0.8485711812973022,0.014103936962783337,0.8395775556564331,0.016470864415168762
275,0.8502606749534607,0.013825977221131325,0.8441398739814758,0.016886545345187187
276,0.8523977994918823,0.01375297550112009,0.8523228764533997,0.01665026880800724
277,0.8330790996551514,0.016266774386167526,0.8191195726394653,0.021642066538333893
278,0.8466687798500061,0.014072234742343426,0.8529253005981445,0.016954755410552025
279,0.8369631767272949,0.015185151249170303,0.848930835723877,0.016511783003807068
280,0.8173936605453491,0.019197145476937294,0.8038350343704224,0.023773428052663803
281,0.8087857365608215,0.01846073381602764,0.8452971577644348,0.020347580313682556
282,0.8363052010536194,0.015360246412456036,0.8334265947341919,0.020798606798052788
283,0.8476050496101379,0.014208243228495121,0.8361061215400696,0.01845477521419525
284,0.8473337888717651,0.014028958044946194,0.8378205299377441,0.017898019403219223
0,0.8627586364746094,0.012567252852022648,0.8671994209289551,0.01524287462234497
1,0.8655778169631958,0.012395082041621208,0.8612667918205261,0.01521147508174181
2,0.8668939471244812,0.012386733666062355,0.864612877368927,0.01528442557901144
3,0.8674500584602356,0.012436125427484512,0.8601395487785339,0.015114844776690006
4,0.8674046993255615,0.012267515994608402,0.8641435503959656,0.015207512304186821
5,0.865947425365448,0.012410582974553108,0.8574116826057434,0.016289813444018364
6,0.8590448498725891,0.013521403074264526,0.8584364056587219,0.01531965285539627
7,0.864147961139679,0.012564830482006073,0.861467719078064,0.015664178878068924
8,0.8623644709587097,0.012799227610230446,0.8493183851242065,0.019013511016964912
0,0.8499813079833984,0.013937247917056084,0.842481791973114,0.016940418630838394
1,0.8581348061561584,0.013186076655983925,0.8518621325492859,0.01657584309577942
2,0.8543336987495422,0.01345270685851574,0.8490629196166992,0.017095297574996948
3,0.8579079508781433,0.01278010569512844,0.8360087275505066,0.01967904344201088
4,0.8563553094863892,0.013435031287372112,0.8211889266967773,0.021825948730111122
5,0.8551679253578186,0.013328229077160358,0.8462346792221069,0.01676163263618946
6,0.8572989106178284,0.013203704729676247,0.847325325012207,0.016535194590687752
7,0.8595567345619202,0.01293967105448246,0.8538511395454407,0.017285022884607315
8,0.8629575371742249,0.012657660990953445,0.8427834510803223,0.01931370049715042
9,0.8602673411369324,0.012973101809620857,0.8558570742607117,0.016106944531202316
10,0.8649923205375671,0.01278089452534914,0.863815188407898,0.015523389913141727
11,0.8645851612091064,0.012590090744197369,0.8634896278381348,0.01632560044527054
12,0.8643326759338379,0.012523538433015347,0.8459731340408325,0.018792184069752693
13,0.8572437167167664,0.012969576753675938,0.8536878824234009,0.016486506909132004
14,0.8615370988845825,0.012885811738669872,0.8587841987609863,0.016479089856147766
15,0.8636188507080078,0.013142894022166729,0.8649908304214478,0.015713214874267578
16,0.8639586567878723,0.012727703899145126,0.8548620939254761,0.015622778795659542
17,0.8630794286727905,0.012700851075351238,0.8617638349533081,0.016350585967302322
18,0.8639713525772095,0.01254643127322197,0.8509374856948853,0.018722502514719963
